
%% Parameters
Ra = 1.203;
L = 0.005584;
Ke = 0.08574;
Kt =  1.2006 * Ke;
J1 = 0.000169992;
fr = 0.000294;

%% Parameters uncertanties
w = [1 1]';
Ts = 0.001;
Bw_bar = [-0.0085 -0.0006; -0.0603 0.0002];